25774444	296.15	65
25774454	296.15	65
25774464	296.15	65
25774474	296.15	65
25774484	296.15	65
25774494	296.15	65
25774504	296.15	65
25774514	296.15	65
25774524	296.15	65
25774534	296.15	65
25774544	296.15	65
25774554	296.15	65
25774564	296.15	65
25774574	296.15	65
25774584	296.15	65
25774594	296.15	65
25774604	296.15	65
25774614	296.15	65
25774624	296.15	65
25774634	296.15	66
25774644	296.15	66
25774654	296.15	66
25774664	296.15	66
25774674	296.15	66
25774684	296.15	66
25774694	296.15	66
25774704	296.15	66
25774714	296.15	66
25774724	296.15	66
25774734	296.15	66
25774744	296.15	66
25774754	296.15	66
25774764	296.15	66
25774774	296.15	66
25774784	296.15	66
25774794	296.15	66
25774804	296.15	66
25774814	296.15	66
25774824	296.15	66
25774834	296.15	66
25774844	296.15	66
25774854	296.15	66
25774864	296.15	67
25774874	296.15	67
25774884	296.15	67
25774894	296.15	67
25774904	296.15	67
25774914	296.15	67
25774924	296.15	67
25774934	296.15	67
25774944	296.15	67
25774954	296.15	68
25774964	296.15	68
25774974	296.15	68
25774984	296.15	68
25774994	296.15	68
25775004	296.15	68
25775014	296.15	68
25775024	296.15	68
25775034	296.15	68
25775044	296.15	68
25775054	296.15	68
25775064	296.15	68
25775074	296.15	68
25775084	296.15	68
25775094	296.15	68
25775104	296.15	68
25775114	296.15	68
25775124	296.15	68
25775134	296.15	68
25775144	296.15	68
25775154	296.15	68
25775164	296.15	68
25775174	296.15	69
25775184	296.15	69
25775194	296.15	69
25775204	296.15	69
25775214	296.15	69
25775224	296.15	69
25775234	296.15	69
25775244	296.15	69
25775254	296.15	69
25775264	296.15	69
25775274	296.15	69
25775284	296.15	69
25775294	296.15	69
25775304	296.15	69
25775314	296.15	69
25775324	296.15	69
25775334	296.15	69
25775344	296.15	69
25775354	296.15	68
25775364	296.15	68
25775374	296.15	68
25775384	296.15	68
25775394	296.15	68
25775404	296.15	68
25775414	296.15	68
25775424	296.15	68
25775434	296.15	67
25775444	296.15	67
25775454	296.15	67
25775464	296.15	67
25775474	296.15	67
25775484	296.15	67
25775494	296.15	67
25775504	296.15	67
25775514	296.15	67
25775524	296.15	66
25775534	296.15	66
25775544	296.15	66
25775554	296.15	66
25775564	296.15	66
25775574	296.15	66
25775584	296.15	66
25775594	296.15	66
25775604	296.15	65
25775614	296.15	65
25775624	296.15	65
25775634	296.15	65
25775644	296.15	65
25775654	296.15	65
25775664	296.15	65
25775674	296.15	65
25775684	296.15	65
25775694	296.15	64
25775704	296.15	64
25775714	296.15	64
25775724	296.15	64
25775734	296.15	64
25775744	296.15	64
25775754	296.15	64
25775764	296.15	64
25775774	296.15	64
25775784	296.15	64
25775794	296.15	64
25775804	296.15	64
25775814	296.15	64
25775824	296.15	64
25775834	296.15	64
25775844	296.15	64
25775854	296.15	64
25775864	296.15	64
25775874	296.15	63
25775884	296.15	63
25775894	296.15	63
25775904	296.15	63
25775914	296.15	64
25775924	296.15	64
25775934	296.15	64
25775944	296.15	64
25775954	296.15	64
25775964	296.15	64
25775974	296.15	64
25775984	296.15	64
25775994	296.15	64
25776004	296.15	64
25776014	296.15	64
25776024	296.15	64
25776034	296.15	64
25776044	296.15	64
25776054	296.15	64
25776064	296.15	64
25776074	296.15	64
25776084	296.15	64
25776094	296.15	64
25776104	296.15	64
25776114	296.15	64
25776124	296.15	64
25776134	296.15	64
25776144	296.15	64
25776154	296.15	64
25776164	296.15	64
25776174	296.15	64
25776184	296.15	64
25776194	296.15	64
25776204	296.15	64
25776214	296.15	64
25776224	296.15	64
25776234	296.15	64
25776244	296.15	64
25776254	296.15	64
25776264	296.15	64
25776274	296.15	64
25776284	296.15	65
25776294	296.15	65
25776304	296.15	65
25776314	296.15	65
25776324	296.15	65
25776334	296.15	65
25776344	296.15	65
25776354	296.15	65
25776364	296.15	65
25776374	296.15	65
25776384	296.15	66
25776394	296.15	66
25776404	296.15	66
25776414	296.15	66
25776424	296.15	66
25776434	296.15	66
25776444	296.15	66
25776454	296.15	66
25776464	296.15	66
25776474	296.15	66
25776484	296.15	66
25776494	296.15	66
25776504	296.15	66
25776514	296.15	66
25776524	296.15	66
25776534	296.15	66
25776544	296.15	66
25776554	296.15	66
25776564	296.15	66
25776574	296.15	66
25776584	296.15	66
25776594	296.15	66
25776604	296.15	66
25776614	296.15	66
25776624	296.15	66
25776634	296.15	66
25776644	296.15	67
25776654	296.15	67
25776664	296.15	67
25776674	296.15	67
25776684	296.15	67
25776694	296.15	67
25776704	296.15	67
25776714	296.15	67
25776724	296.15	67
25776734	296.15	67
25776744	296.15	67
25776754	296.15	67
25776764	296.15	67
25776774	296.15	67
25776784	296.15	67
25776794	296.15	67
25776804	296.15	66
25776814	296.15	66
25776824	296.15	66
25776834	296.15	66
25776844	296.15	66
25776854	296.15	66
25776864	296.15	66
25776874	296.15	66
25776884	296.15	66
25776894	296.15	66
25776904	296.15	66
25776914	296.15	66
25776924	296.15	66
25776934	296.15	66
25776944	296.15	66
25776954	296.15	66
25776964	296.15	66
25776974	296.15	66
25776984	296.15	66
25776994	296.15	66
25777004	296.15	66
25777014	296.15	66
25777024	296.15	66
25777034	296.15	66
25777044	296.15	65
25777054	296.15	65
25777064	296.15	65
25777074	296.15	65
25777084	296.15	65
25777094	296.15	65
25777104	296.15	65
25777114	296.15	64
25777124	296.15	64
25777134	296.15	64
25777144	296.15	64
25777154	297.15	64
25777164	297.15	64
25777174	297.15	64
25777184	297.15	64
25777194	297.15	63
25777204	297.15	63
25777214	297.15	63
25777224	297.15	63
25777234	297.15	63
25777244	297.15	63
25777254	297.15	63
25777264	297.15	63
25777274	297.15	63
25777284	297.15	63
25777294	297.15	63
25777304	297.15	63
25777314	297.15	63
25777324	297.15	63
25777334	297.15	62
25777344	297.15	62
25777354	297.15	62
25777364	297.15	62
25777374	297.15	62
25777384	297.15	62
25777394	297.15	62
25777404	297.15	62
25777414	297.15	62
25777424	297.15	62
25777434	297.15	62
25777444	297.15	62
25777454	297.15	62
25777464	297.15	62
25777474	297.15	62
25777484	297.15	62
25777494	297.15	62
25777504	297.15	62
25777514	297.15	62
25777524	297.15	62
25777534	297.15	62
25777544	297.15	62
25777554	297.15	62
25777564	297.15	62
25777574	297.15	62
25777584	297.15	62
25777594	297.15	61
25777604	297.15	61
25777614	297.15	61
25777624	297.15	61
25777634	297.15	61
25777644	297.15	61
25777654	297.15	61
25777664	297.15	61
25777674	297.15	61
25777684	297.15	61
25777694	297.15	61
25777704	297.15	61
25777714	297.15	61
25777724	297.15	61
25777734	297.15	61
25777744	297.15	61
25777754	297.15	61
25777764	297.15	61
25777774	297.15	61
25777784	297.15	61
25777794	297.15	61
25777804	297.15	61
25777814	297.15	61
25777824	297.15	61
25777834	297.15	61
25777844	297.15	61
25777854	297.15	61
25777864	297.15	61
25777874	297.15	61
25777884	297.15	61
25777894	297.15	61
25777904	297.15	61
25777914	297.15	61
25777924	297.15	61
25777934	297.15	61
25777944	297.15	61
25777954	297.15	61
25777964	297.15	61
25777974	297.15	61
25777984	297.15	61
25777994	297.15	61
25778004	297.15	61
25778014	297.15	61
25778024	297.15	61
25778034	297.15	61
25778044	297.15	61
25778054	297.15	61
25778064	297.15	61
25778074	297.15	60
25778084	297.15	60
25778094	297.15	60
25778104	297.15	60
25778114	297.15	60
25778124	297.15	60
25778134	297.15	60
25778144	297.15	60
25778154	297.15	60
25778164	297.15	60
25778174	297.15	60
25778184	297.15	60
25778194	297.15	60
25778204	297.15	60
25778214	297.15	60
25778224	297.15	60
25778234	297.15	60
25778244	297.15	60
25778254	297.15	60
25778264	297.15	60
25778274	297.15	60
25778284	297.15	60
25778294	297.15	60
25778304	297.15	60
25778314	297.15	60
25778324	297.15	60
25778334	297.15	60
25778344	297.15	60
25778354	297.15	60
25778364	297.15	60
25778374	297.15	60
25778384	297.15	60
25778394	297.15	60
25778404	297.15	60
25778414	297.15	60
25778424	297.15	60
25778434	297.15	60
25778444	297.15	60
25778454	297.15	60
25778464	297.15	60
25778474	297.15	60
25778484	297.15	60
25778494	297.15	60
25778504	297.15	60
25778514	297.15	60
25778524	297.15	60
25778534	297.15	60
25778544	297.15	60
25778554	297.15	60
25778564	297.15	60
25778574	297.15	60
25778584	297.15	60
25778594	297.15	60
25778604	297.15	60
25778614	297.15	60
25778624	297.15	60
25778634	297.15	60
25778644	297.15	60
25778654	297.15	60
25778664	297.15	60
25778674	297.15	60
25778684	297.15	60
25778694	297.15	60
25778704	297.15	60
25778714	297.15	60
25778724	297.15	60
25778734	297.15	60
25778744	297.15	60
25778754	297.15	60
25778764	297.15	60
25778774	297.15	60
25778784	297.15	60
25778794	297.15	60
25778804	297.15	60
25778814	297.15	60
25778824	297.15	60
25778834	297.15	60
25778844	297.15	60
25778854	297.15	60
25778864	297.15	60
25778874	297.15	60
25778884	297.15	60
25778894	297.15	60
25778904	297.15	60
25778914	297.15	60
25778924	297.15	60
25778934	297.15	60
25778944	297.15	60
25778954	297.15	60
25778964	297.15	60
25778974	297.15	60
25778984	297.15	60
25778994	297.15	60
25779004	297.15	60
25779014	297.15	60
25779024	297.15	60
25779034	297.15	60
25779044	297.15	60
25779054	297.15	60
25779064	297.15	60
25779074	297.15	60
25779084	297.15	60
25779094	297.15	60
25779104	297.15	60
25779114	297.15	60
25779124	297.15	60
25779134	297.15	60
25779144	297.15	60
25779154	297.15	60
25779164	297.15	60
25779174	297.15	60
25779184	297.15	60
25779194	297.15	59
25779204	297.15	59
25779214	297.15	60
25779224	297.15	60
25779234	297.15	60
25779244	297.15	59
25779254	297.15	59
25779264	297.15	59
25779274	297.15	59
25779284	297.15	59
25779294	297.15	59
25779304	297.15	59
25779314	297.15	59
25779324	297.15	59
25779334	297.15	59
25779344	297.15	59
25779354	297.15	59
25779364	297.15	59
25779374	297.15	59
25779384	297.15	59
25779394	297.15	59
25779404	297.15	59
25779414	297.15	59
25779424	297.15	59
25779434	297.15	59
25779444	297.15	59
25779454	297.15	59
25779464	297.15	59
25779474	297.15	59
25779484	297.15	59
25779494	297.15	59
25779504	297.15	59
25779514	297.15	59
25779524	297.15	59
25779534	297.15	59
25779544	297.15	59
25779554	297.15	59
25779564	297.15	59
25779574	297.15	59
25779584	297.15	59
25779594	297.15	59
25779604	297.15	59
25779614	297.15	59
25779624	297.15	59
25779634	297.15	59
25779644	297.15	59
25779654	297.15	59
25779664	297.15	59
25779674	297.15	59
25779684	297.15	59
25779694	297.15	59
25779704	297.15	59
25779714	297.15	59
25779724	297.15	59
25779734	297.15	59
25779744	297.15	59
25779754	297.15	59
25779764	298.15	59
25779774	297.15	59
25779784	297.15	59
25779794	297.15	59
25779804	298.15	59
25779814	298.15	59
25779824	298.15	59
25779834	298.15	59
25779844	298.15	59
25779854	298.15	59
25779864	298.15	59
25779874	298.15	59
25779884	298.15	59
25779894	298.15	59
25779904	298.15	59
25779914	298.15	59
25779924	298.15	59
25779934	298.15	59
25779944	298.15	59
25779954	298.15	59
25779964	298.15	59
25779974	298.15	59
25779984	298.15	59
25779994	298.15	59
25780004	298.15	59
25780014	298.15	59
25780024	298.15	59
25780034	298.15	59
25780044	298.15	59
25780054	298.15	59
25780064	298.15	59
25780074	298.15	59
25780084	298.15	59
25780094	298.15	59
25780104	298.15	59
25780114	298.15	59
25780124	298.15	59
25780134	298.15	59
25780144	298.15	59
25780154	298.15	59
25780164	298.15	59
25780174	298.15	59
25780184	298.15	59
25780194	298.15	59
25780204	298.15	59
25780214	298.15	59
25780224	298.15	59
25780234	298.15	59
25780244	298.15	59
25780254	298.15	59
25780264	298.15	59
25780274	298.15	59
25780284	298.15	59
25780294	298.15	59
25780304	298.15	59
25780314	298.15	59
25780324	298.15	59
25780334	298.15	59
25780344	298.15	59
25780354	298.15	59
25780364	298.15	59
25780374	298.15	59
25780384	298.15	59
25780394	298.15	59
25780404	298.15	59
25780414	298.15	59
25780424	298.15	59
25780434	298.15	59
25780444	298.15	59
25780454	298.15	59
25780464	298.15	59
25780474	298.15	59
25780484	298.15	59
25780494	298.15	59
25780504	298.15	59
25780514	298.15	59
25780524	298.15	59
25780534	298.15	59
25780544	298.15	59
25780554	298.15	59
25780564	298.15	59
25780574	298.15	59
25780584	298.15	59
25780594	298.15	59
25780604	298.15	59
25780614	298.15	59
25780624	298.15	59
25780634	298.15	59
25780644	298.15	59
25780654	298.15	59
25780664	298.15	59
25780674	298.15	59
25780684	298.15	59
25780694	298.15	59
25780704	298.15	59
25780714	298.15	59
25780724	298.15	59
25780734	298.15	59
25780744	298.15	59
25780754	298.15	59
25780764	298.15	59
25780774	298.15	59
25780784	298.15	59
25780794	298.15	59
25780804	298.15	59
25780814	298.15	59
25780824	298.15	59
25780834	298.15	59
25780844	298.15	59
25780854	298.15	59
25780864	298.15	59
25780874	298.15	59
25780884	298.15	59
25780894	298.15	59
25780904	298.15	59
25780914	298.15	59
25780924	298.15	59
25780934	298.15	59
25780944	298.15	59
25780954	298.15	59
25780964	298.15	59
25780974	298.15	59
25780984	298.15	59
25780994	298.15	59
25781004	298.15	59
25781014	298.15	59
25781024	298.15	59
25781034	298.15	59
25781044	298.15	59
25781054	298.15	59
25781064	298.15	59
25781074	298.15	59
25781084	298.15	59
25781094	298.15	59
25781104	298.15	59
25781114	298.15	59
25781124	298.15	59
25781134	298.15	59
25781144	298.15	59
25781154	298.15	59
25781164	298.15	59
25781174	298.15	59
25781184	298.15	59
25781194	298.15	59
25781204	298.15	59
25781214	298.15	59
25781224	298.15	59
25781234	298.15	59
25781244	298.15	59
25781254	298.15	59
25781264	298.15	59
25781274	298.15	59
25781284	298.15	59
25781294	298.15	59
25781304	298.15	59
25781314	298.15	59
25781324	298.15	59
25781334	298.15	59
25781344	298.15	59
25781354	298.15	59
25781364	298.15	59
25781374	298.15	59
25781384	298.15	59
25781394	298.15	59
25781404	298.15	59
25781414	298.15	59
25781424	298.15	59
25781434	298.15	59
25781444	298.15	59
25781454	298.15	59
25781464	298.15	59
25781474	298.15	59
25781484	298.15	59
25781494	298.15	59
25781504	298.15	59
25781514	298.15	59
25781524	298.15	59
25781534	298.15	59
25781544	298.15	59
25781554	298.15	59
25781564	298.15	59
25781574	298.15	59
25781584	298.15	59
25781594	298.15	59
25781604	298.15	59
25781614	298.15	59
25781624	298.15	59
25781634	298.15	59
25781644	298.15	59
25781654	298.15	59
25781664	298.15	59
25781674	298.15	59
25781684	298.15	59
25781694	298.15	59
25781704	298.15	59
25781714	298.15	59
25781724	298.15	59
25781734	298.15	59
25781744	298.15	59
25781754	298.15	59
25781764	298.15	59
25781774	298.15	59
25781784	298.15	59
25781794	298.15	59
25781804	298.15	59
25781814	298.15	59
25781824	298.15	59
25781834	298.15	59
25781844	298.15	59
25781854	298.15	59
25781864	298.15	59
25781874	298.15	59
25781884	298.15	59
25781894	298.15	59
25781904	298.15	59
25781914	298.15	59
25781924	298.15	59
25781934	298.15	59
25781944	298.15	59
25781954	298.15	59
25781964	298.15	59
25781974	298.15	59
25781984	298.15	59
25781994	298.15	59
25782004	298.15	59
25782014	298.15	59
25782024	298.15	59
25782034	298.15	59
25782044	298.15	59
25782054	298.15	59
25782064	298.15	59
25782074	298.15	59
25782084	298.15	59
25782094	298.15	59
25782104	298.15	59
25782114	298.15	59
25782124	298.15	59
25782134	298.15	59
25782144	298.15	59
25782154	298.15	59
25782164	298.15	59
25782174	298.15	59
25782184	298.15	59
25782194	298.15	59
25782204	298.15	59
25782214	298.15	59
25782224	298.15	59
25782234	298.15	59
25782244	298.15	59
25782254	298.15	59
25782264	298.15	59
25782274	298.15	59
25782284	298.15	59
25782294	298.15	59
25782304	298.15	59
25782314	298.15	59
25782324	298.15	59
25782334	298.15	59
25782344	298.15	59
25782354	298.15	59
25782364	298.15	58
25782374	298.15	59
25782384	298.15	58
25782394	298.15	59
25782404	298.15	58
25782414	298.15	58
25782424	298.15	58
25782434	298.15	59
25782444	298.15	58
25782454	298.15	58
25782464	298.15	58
25782474	298.15	59
25782484	298.15	59
25782494	298.15	59
25782504	298.15	59
25782514	298.15	58
25782524	298.15	58
25782534	298.15	58
25782544	298.15	58
25782554	298.15	58
25782564	298.15	59
25782574	298.15	59
25782584	298.15	58
25782594	298.15	58
25782604	298.15	58
25782614	298.15	58
25782624	298.15	58
25782634	298.15	58
25782644	298.15	58
25782654	298.15	58
25782664	298.15	58
25782674	298.15	58
25782684	298.15	58
25782694	298.15	58
25782704	298.15	58
25782714	298.15	58
25782724	298.15	58
25782734	298.15	58
25782744	298.15	58
25782754	298.15	58
25782764	298.15	58
25782774	298.15	58
25782784	298.15	58
25782794	298.15	58
25782804	298.15	58
25782814	298.15	58
25782824	298.15	58
25782834	298.15	58
25782844	298.15	58
25782854	298.15	58
25782864	298.15	58
25782874	298.15	58
25782884	298.15	58
25782894	298.15	58
25782904	298.15	58
25782914	298.15	58
25782924	298.15	58
25782934	298.15	58
25782944	298.15	58
25782964	298.15	58
25782964	298.15	58
25782974	298.15	58
25782984	298.15	58
25782994	298.15	58
25783004	298.15	58
25783014	298.15	58
25783024	298.15	58
25783034	298.15	58
25783044	298.15	58
25783054	298.15	58
25783064	298.15	58
25783074	298.15	58
25783084	298.15	58
25783094	298.15	58
25783104	298.15	58
25783114	298.15	58
25783124	298.15	58
25783134	298.15	58
25783144	298.15	58
25783154	298.15	58
25783164	298.15	58
25783174	298.15	58
25783184	298.15	58
25783194	298.15	58
25783204	298.15	58
25783214	298.15	58
25783224	298.15	58
25783234	298.15	58
25783244	298.15	58
25783254	298.15	58
25783264	298.15	58
25783274	298.15	58
25783284	298.15	58
25783294	298.15	58
25783304	298.15	58
25783314	298.15	58
25783324	298.15	58
25783334	298.15	58
25783344	298.15	58
25783354	298.15	58
25783364	298.15	58
25783374	298.15	58
25783384	298.15	58
25783394	298.15	58
25783404	298.15	58
25783414	298.15	58
25783424	298.15	58
25783434	298.15	58
25783444	298.15	58
25783454	298.15	58
25783464	298.15	58
25783474	298.15	58
25783484	298.15	58
25783494	298.15	58
25783504	298.15	58
25783514	298.15	58
25783524	298.15	58
25783534	298.15	58
25783544	298.15	58
25783554	298.15	58
25783564	298.15	58
25783574	298.15	58
25783584	298.15	58
25783594	298.15	58
25783604	298.15	58
25783614	298.15	58
25783624	298.15	58
25783634	298.15	58
25783644	298.15	58
25783654	298.15	58
25783664	298.15	58
25783674	298.15	58
25783684	298.15	58
25783694	298.15	58
25783704	298.15	58
25783714	298.15	58
25783724	298.15	58
25783734	298.15	58
25783744	298.15	58
25783754	298.15	58
25783764	298.15	58
25783774	298.15	58
25783784	298.15	58
25783794	298.15	58
25783804	298.15	58
25783814	298.15	58
25783824	298.15	58
25783834	298.15	58
25783844	298.15	58
25783854	298.15	58
25783864	298.15	58
25783874	298.15	58
25783884	298.15	58
25783894	298.15	58
25783904	298.15	58
25783914	298.15	58
25783924	298.15	58
25783934	298.15	58
25783944	298.15	58
25783954	298.15	58
25783964	298.15	58
25783974	298.15	58
25783984	298.15	58
25783994	298.15	58
25784004	298.15	58
25784014	298.15	58
25784024	298.15	58
25784034	298.15	58
25784044	298.15	58
25784054	298.15	58
25784064	298.15	58
25784074	298.15	58
25784084	298.15	58
25784094	298.15	58
25784104	298.15	58
25784114	298.15	58
25784124	298.15	58
25784134	298.15	58
25784144	298.15	58
25784154	298.15	58
25784164	298.15	58
25784174	298.15	58
25784184	298.15	58
25784194	298.15	58
25784204	298.15	58
25784214	298.15	58
25784224	298.15	58
25784234	298.15	58
25784244	298.15	58
25784254	298.15	58
25784264	298.15	58
25784274	298.15	58
25784284	298.15	58
25784294	298.15	58
25784304	298.15	58
25784314	298.15	58
25784324	298.15	58
25784334	298.15	58
25784344	298.15	58
25784354	298.15	58
25784364	298.15	58
25784374	298.15	58
25784384	298.15	58
25784394	298.15	58
25784404	298.15	58
25784414	298.15	58
25784424	298.15	58
25784434	298.15	58
25784444	298.15	58
25784454	298.15	58
25784464	298.15	58
25784474	298.15	58
25784484	298.15	58
25784494	298.15	58
25784504	298.15	58
25784514	298.15	58
25784524	298.15	58
25784534	298.15	58
25784544	298.15	58
25784554	298.15	58
25784564	298.15	58
25784574	298.15	58
25784584	298.15	58
25784594	298.15	58
25784604	298.15	58
25784614	298.15	58
25784624	298.15	58
25784634	298.15	58
25784644	298.15	58
25784654	298.15	58
25784664	298.15	58
25784674	298.15	58
25784684	298.15	58
25784694	298.15	58
25784704	298.15	58
25784714	298.15	58
25784724	298.15	58
25784734	298.15	58
25784744	298.15	58
25784754	298.15	58
25784764	298.15	58
25784774	298.15	58
25784784	298.15	58
25784794	298.15	58
25784804	298.15	58
25784814	298.15	58
25784824	298.15	58
25784834	298.15	58
25784844	298.15	58
25784854	298.15	58
25784864	298.15	58
25784874	298.15	58
25784884	298.15	58
25784894	298.15	58
25784904	298.15	58
25784914	298.15	58
25784924	298.15	58
25784934	298.15	58
25784944	298.15	58
25784954	298.15	58
25784964	298.15	58
25784974	298.15	58
25784984	298.15	58
25784994	298.15	58
25785004	298.15	58
25785014	298.15	58
25785024	298.15	58
25785034	298.15	58
25785044	298.15	58
25785054	298.15	58
25785064	298.15	58
25785074	298.15	58
25785084	298.15	58
25785094	298.15	58
25785104	298.15	58
25785114	298.15	58
25785124	298.15	58
25785134	298.15	58
25785144	298.15	58
25785154	298.15	58
25785164	298.15	58
25785174	298.15	58
25785184	298.15	58
25785194	298.15	58
25785204	298.15	58
25785214	298.15	58
25785224	298.15	58
25785234	298.15	58
25785244	298.15	58
25785254	298.15	58
25785264	298.15	58
25785274	298.15	58
25785284	298.15	58
25785294	298.15	58
25785304	298.15	58
25785314	298.15	58
25785324	298.15	58
25785334	298.15	58
25785344	298.15	58
25785354	298.15	58
25785364	298.15	58
25785374	298.15	58
25785384	298.15	58
25785394	298.15	58
25785404	298.15	58
25785414	298.15	58
25785424	298.15	58
25785434	298.15	58
25785444	298.15	58
25785454	298.15	58
25785464	298.15	58
25785474	298.15	58
25785484	298.15	58
25785494	298.15	58
25785504	298.15	58
25785514	298.15	58
25785524	298.15	58
25785534	298.15	58
25785544	298.15	58
25785554	298.15	58
25785564	298.15	58
25785574	298.15	58
25785584	298.15	58
25785594	298.15	58
25785604	298.15	58
25785614	298.15	58
25785624	298.15	58
25785634	298.15	58
25785644	298.15	58
25785654	298.15	58
25785664	298.15	58
25785674	298.15	58
25785684	298.15	58
25785694	298.15	58
25785704	298.15	58
25785714	298.15	58
25785724	298.15	58
25785734	298.15	58
25785744	298.15	58
25785754	298.15	58
25785764	298.15	58
25785774	298.15	58
25785784	298.15	58
25785794	298.15	58
25785804	298.15	58
25785814	298.15	58
25785824	298.15	58
25785834	298.15	58
25785844	298.15	58
25785854	298.15	58
25785864	298.15	58
25785874	298.15	58
25785884	298.15	58
25785894	298.15	58
25785904	298.15	58
25785914	298.15	58
25785924	298.15	58
25785934	298.15	58
25785944	298.15	58
25785954	298.15	58
25785964	298.15	58
25785974	298.15	58
25785984	298.15	58
25785994	298.15	58
25786004	298.15	58
25786014	298.15	58
25786024	298.15	58
25786034	298.15	58
25786044	298.15	58
25786054	298.15	58
25786064	298.15	58
25786074	298.15	58
25786084	298.15	58
25786094	298.15	58
25786104	298.15	58
25786114	298.15	58
25786124	298.15	58
25786134	298.15	58
25786144	298.15	58
25786154	298.15	58
25786164	298.15	58
25786174	298.15	58
25786184	298.15	58
25786194	298.15	58
25786204	298.15	58
25786214	298.15	58
25786224	298.15	58
25786234	298.15	58
25786244	298.15	58
25786254	298.15	58
25786264	298.15	58
25786274	298.15	58
25786284	298.15	58
25786294	298.15	58
25786304	298.15	58
25786314	298.15	58
25786324	298.15	58
25786334	298.15	58
25786344	298.15	58
25786354	298.15	58
25786364	298.15	58
25786374	298.15	58
25786384	298.15	58
25786394	298.15	58
25786404	298.15	58
25786414	298.15	58
25786424	298.15	58
25786434	298.15	58
25786444	298.15	58
25786454	298.15	58
25786464	298.15	58
25786474	298.15	58
25786484	298.15	58
25786494	298.15	59
25786504	298.15	58
25786514	298.15	58
25786524	298.15	58
25786534	298.15	58
25786544	298.15	58
25786554	298.15	58
25786564	298.15	58
25786574	298.15	59
25786584	298.15	59
25786594	298.15	59
25786604	298.15	58
25786614	298.15	58
25786624	298.15	58
25786634	298.15	58
25786644	298.15	58
25786654	298.15	58
25786664	298.15	58
25786674	298.15	58
25786684	298.15	58
25786694	298.15	58
25786704	298.15	58
25786714	298.15	58
25786724	298.15	58
25786734	298.15	58
25786744	298.15	58
25786754	298.15	58
25786764	298.15	58
25786774	298.15	58
25786784	298.15	58
25786794	298.15	58
25786804	298.15	58
25786814	298.15	58
25786824	298.15	58
25786834	298.15	58
25786844	298.15	58
25786854	298.15	58
25786864	298.15	59
25786874	298.15	59
25786884	299.15	58
25786894	298.15	58
25786904	299.15	59
25786914	299.15	58
25786924	299.15	58
25786934	299.15	58
25786944	299.15	58
25786954	299.15	58
25786964	299.15	58
25786974	299.15	58
25786984	299.15	58
25786994	299.15	58
25787004	299.15	58
25787014	299.15	59
25787024	299.15	58
25787034	299.15	58
25787044	299.15	58
25787054	299.15	58
25787064	299.15	58
25787074	299.15	58
25787084	299.15	58
25787094	299.15	58
25787104	299.15	58
25787114	299.15	58
25787124	299.15	58
25787134	299.15	58
25787144	299.15	59
25787154	299.15	58
25787164	299.15	58
25787174	299.15	59
25787184	299.15	58
25787194	299.15	58
25787204	299.15	58
25787214	299.15	58
25787224	299.15	58
25787234	299.15	59
25787244	299.15	59
25787254	299.15	59
25787264	299.15	59
25787274	299.15	59
25787284	299.15	59
25787294	299.15	59
25787304	299.15	59
25787314	299.15	59
25787324	299.15	59
25787334	299.15	59
25787344	299.15	59
25787354	299.15	59
25787364	299.15	59
25787374	299.15	59
25787384	299.15	59
25787394	299.15	59
25787404	299.15	59
25787414	299.15	59
25787424	299.15	58
25787434	299.15	58
25787444	299.15	58
25787454	299.15	58
25787464	299.15	58
25787474	299.15	58
25787484	299.15	59
25787494	299.15	59
25787504	299.15	59
25787514	299.15	59
25787524	299.15	59
25787534	299.15	59
25787544	299.15	59
25787554	299.15	59
25787564	299.15	59
25787574	299.15	59
25787584	299.15	59
25787594	299.15	59
25787604	299.15	59
25787614	299.15	59
25787624	299.15	59
25787634	299.15	59
25787644	299.15	59
25787654	299.15	59
25787664	299.15	59
25787674	299.15	59
25787684	299.15	59
25787694	299.15	59
25787704	299.15	59
25787714	299.15	59
25787724	299.15	59
25787734	299.15	59
25787744	299.15	59
25787754	299.15	59
25787764	299.15	59
25787774	299.15	59
25787784	299.15	59
25787794	299.15	59
25787804	299.15	59
25787814	299.15	59
25787824	299.15	59
25787834	299.15	59
25787844	299.15	59
25787854	299.15	59
25787864	299.15	59
25787874	299.15	59
25787884	299.15	59
25787894	299.15	59
25787904	299.15	59
25787914	299.15	59
25787924	299.15	59
25787934	299.15	59
25787944	299.15	59
25787954	299.15	59
25787964	299.15	59
25787974	299.15	59
25787984	299.15	59
25787994	299.15	59
25788004	299.15	59
25788014	299.15	59
25788024	299.15	59
25788034	299.15	59
25788044	299.15	59
25788054	299.15	59
25788064	299.15	59
25788074	299.15	59
25788084	299.15	59
25788094	299.15	59
25788104	299.15	59
25788114	299.15	59
25788124	299.15	59
25788134	299.15	59
25788144	299.15	59
25788154	299.15	59
25788164	299.15	59
25788174	299.15	59
25788184	299.15	59
25788194	299.15	59
25788204	299.15	59
25788214	299.15	59
25788224	299.15	59
25788234	299.15	59
25788244	299.15	59
25788254	299.15	59
25788264	299.15	59
25788274	299.15	59
25788284	299.15	59
25788294	299.15	59
25788304	299.15	59
25788314	299.15	59
25788324	299.15	59
25788334	299.15	59
25788344	299.15	59
25788354	299.15	59
25788364	299.15	59
25788374	299.15	59
25788384	299.15	59
25788394	299.15	59
25788404	299.15	59
25788414	299.15	59
25788424	299.15	59
25788434	299.15	59
25788444	299.15	59
25788454	299.15	59
25788464	299.15	59
25788474	299.15	59
25788484	299.15	59
25788494	299.15	59
25788504	299.15	59
25788514	299.15	59
25788524	299.15	59
25788534	299.15	59
25788544	299.15	59
25788554	299.15	59
25788564	299.15	59
25788574	299.15	59
25788584	299.15	59
25788594	299.15	59
25788604	299.15	59
25788614	299.15	59
25788624	299.15	59
25788634	299.15	59
25788644	299.15	59
25788654	299.15	59
25788664	299.15	59
25788674	299.15	59
25788684	299.15	59
25788694	299.15	59
25788704	299.15	59
25788714	299.15	59
25788724	299.15	59
25788734	299.15	59
25788744	299.15	59
25788754	299.15	59
25788764	299.15	59
25788774	299.15	59
25788784	299.15	59
25788794	299.15	59
25788804	299.15	59
25788814	299.15	59
25788824	299.15	59
25788834	299.15	59
25788844	299.15	59
25788854	299.15	59
25788864	299.15	59
25788874	299.15	59
25788884	299.15	59
25788894	299.15	59
25788904	299.15	59
25788914	299.15	59
25788924	299.15	59
25788934	299.15	59
25788944	299.15	59
25788954	299.15	59
25788964	299.15	59
25788974	299.15	59
25788984	299.15	59
25788994	299.15	59
25789004	299.15	59
25789014	299.15	59
25789024	299.15	59
25789034	299.15	59
25789044	299.15	59
25789054	299.15	59
25789064	299.15	59
25789074	299.15	59
25789084	299.15	59
25789094	299.15	59
25789104	299.15	59
25789114	299.15	59
25789124	299.15	59
25789134	299.15	59
25789144	299.15	59
25789154	299.15	59
25789164	299.15	59
25789174	299.15	59
25789184	299.15	59
25789194	299.15	59
25789204	299.15	59
25789214	299.15	59
25789224	299.15	59
25789234	299.15	59
25789244	299.15	59
25789254	299.15	59
25789264	299.15	59
25789274	299.15	59
25789284	299.15	59
25789294	299.15	59
25789304	299.15	59
25789314	299.15	59
25789324	299.15	59
25789334	299.15	59
25789344	299.15	59
25789354	299.15	59
25789364	299.15	59
25789374	299.15	59
25789384	299.15	59
25789394	299.15	59
25789404	299.15	59
25789414	299.15	59
25789424	299.15	59
25789434	299.15	59
25789444	299.15	59
25789454	299.15	59
25789464	299.15	59
25789474	299.15	59
25789484	299.15	59
25789494	299.15	59
25789504	299.15	59
25789514	299.15	59
25789524	299.15	59
25789534	299.15	59
25789544	299.15	59
25789554	299.15	59
25789564	299.15	59
25789574	299.15	59
25789584	299.15	59
25789594	299.15	59
25789604	299.15	59
25789614	299.15	59
25789624	299.15	59
25789634	299.15	59
25789644	299.15	59
25789654	299.15	59
25789664	299.15	59
25789674	299.15	59
25789684	299.15	59
25789694	299.15	59
25789704	299.15	59
25789714	299.15	59
25789724	299.15	59
25789734	299.15	59
25789744	299.15	59
25789754	299.15	59
25789764	299.15	59
25789774	299.15	59
25789784	299.15	59
25789794	299.15	59
25789804	299.15	59
25789814	299.15	59
25789824	299.15	59
25789834	299.15	59
25789844	299.15	59
25789854	299.15	59
25789864	299.15	59
25789874	299.15	59
25789884	299.15	59
25789894	299.15	59
25789904	299.15	59
25789914	299.15	59
25789924	299.15	59
25789934	299.15	59
25789944	299.15	59
25789954	299.15	59
25789964	299.15	59
25789974	299.15	59
25789984	299.15	59
25789994	299.15	59
25790004	299.15	59
25790014	299.15	59
25790024	299.15	59
25790034	299.15	59
25790044	299.15	59
25790054	299.15	59
25790064	299.15	59
25790074	299.15	59
25790084	299.15	59
25790094	299.15	59
25790104	299.15	59
25790114	299.15	59
25790124	299.15	59
25790134	299.15	59
25790144	299.15	59
25790154	299.15	59
25790164	299.15	59
25790174	299.15	59
25790184	299.15	59
25790194	299.15	59
25790204	299.15	59
25790214	299.15	59
25790224	299.15	59
25790234	299.15	59
25790244	299.15	59
25790254	299.15	59
25790264	299.15	59
25790274	299.15	59
25790284	299.15	59
25790294	299.15	59
25790304	299.15	59
25790314	299.15	59
25790324	299.15	59
25790334	299.15	59
25790344	299.15	59
25790354	299.15	59
25790364	299.15	59
25790374	299.15	59
25790384	299.15	59
25790394	299.15	59
25790404	299.15	59
25790414	299.15	59
25790424	299.15	59
25790434	299.15	59
25790444	299.15	59
25790454	299.15	59
25790464	299.15	59
25790474	299.15	59
25790484	299.15	59
25790494	299.15	59
25790504	299.15	59
25790514	299.15	59
25790524	299.15	59
25790534	299.15	59
25790544	299.15	59
25790554	299.15	59
25790564	299.15	59
25790574	299.15	59
25790584	299.15	59
25790594	299.15	59
25790604	299.15	59
25790614	299.15	59
25790624	299.15	59
25790634	299.15	59
25790644	299.15	59
25790654	299.15	59
25790664	299.15	59
25790674	299.15	59
25790684	299.15	59
25790694	299.15	59
25790704	299.15	59
25790714	299.15	59
25790724	299.15	59
25790734	299.15	59
25790744	299.15	59
25790754	299.15	59
25790764	299.15	59
25790774	299.15	59
25790784	299.15	59
25790794	299.15	59
25790804	299.15	59
25790814	299.15	59
25790824	299.15	59
25790834	299.15	59
25790844	299.15	59
25790854	299.15	59
25790864	299.15	59
25790874	299.15	59
25790884	299.15	59
25790894	299.15	59
25790904	299.15	59
25790914	299.15	59
25790924	299.15	59
25790934	299.15	59
25790944	299.15	59
25790954	299.15	59
25790964	299.15	59
25790974	299.15	59
25790984	299.15	59
25790994	299.15	59
25791004	299.15	59
25791014	299.15	59
25791024	299.15	59
25791034	299.15	59
25791044	299.15	59
25791054	299.15	59
25791064	299.15	59
25791074	299.15	59
25791084	299.15	59
25791094	299.15	59
25791104	299.15	59
25791114	299.15	59
25791124	299.15	59
25791134	299.15	59
25791144	299.15	59
25791154	299.15	59
25791164	299.15	59
25791174	299.15	59
25791184	299.15	59
25791194	299.15	59
25791204	299.15	59
25791214	299.15	59
25791224	299.15	59
25791234	299.15	59
25791244	299.15	59
25791254	299.15	59
25791264	299.15	59
25791274	299.15	59
25791284	299.15	59
25791294	299.15	59
25791304	299.15	59
25791314	299.15	59
25791324	299.15	59
25791334	299.15	59
25791344	299.15	59
25791354	299.15	59
25791364	299.15	59
25791374	299.15	59
25791384	299.15	59
25791394	299.15	59
25791404	299.15	59
25791414	299.15	59
25791424	299.15	59
25791434	299.15	59
25791444	299.15	59
25791454	299.15	59
25791464	299.15	59
25791474	299.15	59
25791484	299.15	59
25791494	299.15	59
25791504	299.15	59
25791514	299.15	59
25791524	299.15	59
25791534	299.15	59
25791544	299.15	59
25791554	299.15	59
25791564	299.15	59
25791574	299.15	59
25791584	299.15	59
25791594	299.15	59
25791604	299.15	59
25791614	299.15	59
25791624	299.15	59
25791634	299.15	59
25791644	299.15	59
25791654	299.15	59
25791664	299.15	59
25791674	299.15	59
25791684	299.15	59
25791694	299.15	59
25791704	299.15	59
25791714	299.15	59
25791724	299.15	59
25791734	299.15	59
25791744	299.15	59
25791754	299.15	59
25791764	299.15	59
25791774	299.15	59
25791784	299.15	59
25791794	299.15	59
25791804	299.15	59
25791814	299.15	59
25791824	299.15	59
25791834	299.15	59
25791844	299.15	59
25791854	299.15	59
25791864	299.15	59
25791874	299.15	59
25791884	299.15	59
25791894	299.15	59
25791904	299.15	59
25791914	299.15	59
25791924	299.15	59
25791934	299.15	59
25791944	299.15	59
25791954	299.15	59
25791964	299.15	59
25791974	299.15	59
25791984	299.15	59
25791994	299.15	59
25792004	299.15	59
25792014	299.15	59
25792024	299.15	59
25792034	299.15	59
25792044	299.15	59
25792054	299.15	59
25792064	299.15	59
25792074	299.15	59
25792084	299.15	59
25792094	299.15	59
25792104	299.15	59
25792114	299.15	59
25792124	299.15	59
25792134	299.15	59
25792144	299.15	59
25792154	299.15	59
25792164	299.15	59
25792174	299.15	59
25792184	299.15	59
25792194	299.15	59
25792204	299.15	59
25792214	299.15	59
25792224	299.15	59
25792234	299.15	59
25792244	299.15	59
25792254	299.15	59
25792264	299.15	59
25792274	299.15	59
25792284	299.15	59
25792294	299.15	59
25792304	299.15	59
25792314	299.15	59
25792324	299.15	59
25792334	299.15	59
25792344	299.15	59
25792354	299.15	59
25792364	299.15	59
25792374	299.15	59
25792384	299.15	59
25792394	299.15	59
25792404	299.15	59
25792414	299.15	59
25792424	299.15	59
25792434	299.15	59
25792444	299.15	59
25792454	299.15	59
25792464	299.15	59
25792474	299.15	59
25792484	299.15	59
25792494	299.15	59
25792504	299.15	59
25792514	299.15	59
25792524	299.15	59
25792534	299.15	59
25792544	299.15	59
25792554	299.15	59
25792564	299.15	59
25792574	299.15	59
25792584	299.15	59
25792594	299.15	59
25792604	299.15	59
25792614	299.15	59
25792624	299.15	59
25792634	299.15	59
25792644	299.15	59
25792654	299.15	59
25792664	299.15	59
25792674	299.15	59
25792684	299.15	59
25792694	299.15	59
25792704	299.15	59
25792714	299.15	59
25792724	299.15	59
25792734	299.15	59
25792744	299.15	59
25792754	299.15	59
25792764	299.15	59
25792774	299.15	59
25792784	299.15	59
25792794	299.15	59
25792804	299.15	59
25792814	299.15	59
25792824	299.15	59
25792834	299.15	59
25792844	299.15	59
25792854	299.15	59
25792864	299.15	59
25792874	299.15	59
25792884	299.15	59
25792894	299.15	59
25792904	299.15	59
25792914	299.15	59
25792924	299.15	59
25792934	299.15	59
25792944	299.15	59
25792964	299.15	59
25792964	299.15	59
25792974	299.15	59
25792984	299.15	59
25792994	299.15	59
25793004	299.15	59
25793014	299.15	59
25793024	299.15	59
25793034	299.15	59
25793044	299.15	59
25793054	299.15	59
25793064	299.15	59
25793074	299.15	59
25793084	299.15	59
25793094	299.15	59
25793104	299.15	59
25793114	299.15	59
25793124	299.15	59
25793134	299.15	59
25793144	299.15	59
25793154	299.15	59
25793164	299.15	59
25793174	299.15	59
25793184	299.15	59
25793194	299.15	59
25793204	299.15	59
25793214	299.15	59
25793224	299.15	59
25793234	299.15	59
25793244	299.15	59
25793254	299.15	59
25793264	299.15	59
25793274	299.15	59
25793284	299.15	59
25793294	299.15	59
25793304	299.15	59
25793314	299.15	59
25793324	299.15	59
25793334	299.15	59
25793344	299.15	59
25793354	299.15	59
25793364	299.15	59
25793374	299.15	59
25793384	299.15	59
25793394	299.15	59
25793404	299.15	59
25793414	299.15	59
25793424	299.15	59
25793434	299.15	59
25793444	299.15	59
25793454	299.15	59
25793464	299.15	59
25793474	299.15	59
25793484	299.15	59
25793494	299.15	59
25793504	299.15	59
25793514	299.15	59
25793524	299.15	59
25793534	299.15	59
25793544	299.15	59
25793554	299.15	59
25793564	299.15	59
25793574	299.15	59
25793584	299.15	59
25793594	299.15	59
25793604	299.15	59
25793614	299.15	59
25793624	299.15	59
25793634	299.15	59
25793644	299.15	59
25793654	299.15	59
25793664	299.15	59
25793674	299.15	59
25793684	299.15	59
25793694	299.15	59
25793704	299.15	59
25793714	299.15	59
25793724	299.15	59
25793734	299.15	59
25793744	299.15	59
25793754	299.15	59
25793764	299.15	59
25793774	299.15	59
25793784	299.15	59
25793794	299.15	59
25793804	299.15	59
25793814	299.15	59
25793824	299.15	59
25793834	299.15	59
25793844	299.15	59
25793854	299.15	59
25793864	299.15	59
25793874	299.15	59
25793884	299.15	59
25793894	299.15	59
25793904	299.15	59
25793914	299.15	59
25793924	299.15	59
25793934	299.15	59
25793944	299.15	59
25793954	299.15	59
25793964	299.15	59
25793974	299.15	58
25793984	299.15	58
25793994	299.15	59
25794004	299.15	59
25794014	299.15	59
25794024	299.15	59
25794034	299.15	59
25794044	299.15	59
25794054	299.15	58
25794064	299.15	58
25794074	299.15	58
25794084	299.15	58
25794094	299.15	58
25794104	299.15	58
25794114	299.15	58
25794124	299.15	58
25794134	299.15	58
25794144	299.15	58
25794154	299.15	58
25794164	299.15	58
25794174	299.15	58
25794184	299.15	58
25794194	299.15	58
25794204	299.15	59
25794214	299.15	58
25794224	299.15	59
25794234	299.15	58
25794244	299.15	58
25794254	299.15	58
25794264	299.15	58
25794274	299.15	58
25794284	299.15	58
25794294	299.15	58
25794304	299.15	58
25794314	299.15	58
25794324	299.15	58
25794334	299.15	58
25794344	299.15	58
25794354	299.15	58
25794364	299.15	58
25794374	299.15	58
25794384	299.15	58
25794394	299.15	58
25794404	299.15	58
25794414	299.15	58
25794424	299.15	58
25794434	299.15	58
25794444	299.15	58
25794454	299.15	58
25794464	299.15	58
25794474	299.15	58
25794484	299.15	58
25794494	299.15	58
25794504	299.15	58
25794514	299.15	58
25794524	299.15	58
25794534	299.15	58
25794544	299.15	58
25794554	299.15	58
25794564	299.15	58
25794574	299.15	58
25794584	299.15	58
25794594	299.15	58
25794604	299.15	58
25794614	299.15	58
25794624	299.15	58
25794634	299.15	58
25794644	299.15	58
25794654	299.15	58
25794664	299.15	58
25794674	299.15	58
25794684	299.15	58
25794694	299.15	58
25794704	299.15	58
25794714	299.15	58
25794724	299.15	58
25794734	299.15	58
25794744	299.15	58
25794754	299.15	58
25794764	299.15	58
25794774	299.15	58
25794784	299.15	58
25794794	299.15	58
25794804	299.15	58
25794814	299.15	58
25794824	299.15	58
25794834	299.15	58
25794844	299.15	58
25794854	299.15	58
25794864	299.15	58
25794874	299.15	58
25794884	299.15	58
25794894	299.15	58
25794904	299.15	58
25794914	299.15	58
25794924	299.15	58
25794934	299.15	58
25794944	299.15	58
25794954	299.15	58
25794964	299.15	58
25794974	299.15	58
25794984	299.15	58
25794994	299.15	58
25795004	299.15	58
25795014	299.15	58
25795024	299.15	58
25795034	299.15	58
25795044	299.15	58
25795054	299.15	58
25795064	299.15	58
25795074	299.15	58
25795084	299.15	58
25795094	299.15	58
25795104	299.15	58
25795114	299.15	58
25795124	299.15	58
25795134	299.15	58
25795144	299.15	58
25795154	299.15	58
25795164	299.15	58
25795174	299.15	58
25795184	299.15	58
25795194	299.15	58
25795204	299.15	58
25795214	299.15	58
25795224	299.15	58
25795234	299.15	58
25795244	299.15	58
25795254	299.15	58
25795264	299.15	58
25795274	299.15	58
25795284	299.15	58
25795294	299.15	58
25795304	299.15	58
25795314	299.15	58
25795324	299.15	58
25795334	299.15	58
25795344	299.15	58
25795354	299.15	58
25795364	299.15	58
25795374	299.15	58
25795384	299.15	58
25795394	299.15	58
25795404	299.15	58
25795414	299.15	58
25795424	299.15	58
25795434	299.15	58
25795444	299.15	58
25795454	299.15	58
25795464	299.15	58
25795474	299.15	58
25795484	299.15	58
25795494	299.15	58
25795504	299.15	58
25795514	299.15	58
25795524	299.15	58
25795534	299.15	58
25795544	299.15	58
25795554	299.15	58
25795564	299.15	58
25795574	299.15	58
25795584	299.15	58
25795594	299.15	58
25795604	299.15	58
25795614	299.15	58
25795624	299.15	58
25795634	299.15	58
25795644	299.15	58
25795654	299.15	58
25795664	299.15	58
25795674	299.15	58
25795684	299.15	58
25795694	299.15	58
25795704	299.15	58
25795714	299.15	58
25795724	299.15	58
25795734	299.15	58
25795744	299.15	58
25795754	299.15	58
25795764	299.15	58
25795774	299.15	58
25795784	299.15	58
25795794	299.15	58
25795804	299.15	58
25795814	299.15	58
25795824	299.15	58
25795834	299.15	58
25795844	299.15	58
25795854	299.15	58
25795864	299.15	58
25795874	299.15	58
25795884	299.15	58
25795894	299.15	58
25795904	299.15	58
25795914	299.15	58
25795924	299.15	58
25795934	299.15	58
25795944	299.15	58
25795954	299.15	58
25795964	299.15	58
25795974	299.15	58
25795984	299.15	58
25795994	299.15	58
25796004	299.15	58
25796014	299.15	58
25796024	299.15	58
25796034	299.15	58
25796044	299.15	58
25796054	299.15	58
25796064	299.15	58
25796074	299.15	58
25796084	299.15	58
25796094	299.15	58
25796104	299.15	58
25796114	299.15	58
25796124	299.15	58
25796134	299.15	58
25796144	299.15	58
25796154	299.15	58
25796164	299.15	58
25796174	299.15	58
25796184	299.15	58
25796194	299.15	58
25796204	299.15	58
25796214	299.15	58
25796224	299.15	58
25796234	299.15	58
25796244	299.15	58
25796254	299.15	58
25796264	299.15	58
25796274	299.15	58
25796284	299.15	58
25796294	299.15	58
25796304	299.15	58
25796314	299.15	58
25796324	299.15	58
25796334	299.15	58
25796344	299.15	58
25796354	299.15	58
25796364	299.15	58
25796374	299.15	58
25796384	299.15	58
25796394	299.15	58
25796404	299.15	58
25796414	299.15	58
25796424	299.15	58
25796434	299.15	58
25796444	299.15	58
25796454	299.15	58
25796464	299.15	58
25796474	299.15	58
25796484	299.15	58
25796494	299.15	58
25796504	299.15	58
25796514	299.15	58
25796524	299.15	58
25796534	299.15	58
25796544	299.15	58
25796554	299.15	58
25796564	299.15	58
25796574	299.15	58
25796584	299.15	58
25796594	299.15	58
25796604	299.15	58
25796614	299.15	58
25796624	299.15	58
25796634	299.15	58
25796644	299.15	58
25796654	299.15	58
25796664	299.15	58
25796674	299.15	58
25796684	299.15	58
25796694	299.15	58
25796704	299.15	58
25796714	299.15	58
25796724	299.15	58
25796734	299.15	58
25796744	299.15	58
25796754	299.15	58
25796764	299.15	58
25796774	299.15	58
25796784	299.15	58
25796794	299.15	58
25796804	299.15	58
25796814	299.15	58
25796824	299.15	58
25796834	299.15	58
25796844	299.15	58
25796854	299.15	58
25796864	299.15	58
25796874	299.15	58
25796884	299.15	58
25796894	299.15	58
25796904	299.15	58
25796914	299.15	58
25796924	299.15	58
25796934	299.15	58
25796944	299.15	58
25796954	299.15	58
25796964	299.15	58
25796974	299.15	58
25796984	299.15	58
25796994	299.15	58
25797004	299.15	58
25797014	299.15	58
25797024	299.15	58
25797034	299.15	58
25797044	299.15	58
25797054	299.15	58
25797064	299.15	58
25797074	299.15	58
25797084	299.15	58
25797094	299.15	58
25797104	299.15	58
25797114	299.15	58
25797124	299.15	58
25797134	299.15	58
25797144	299.15	58
25797154	299.15	58
25797164	299.15	58
25797174	299.15	58
25797184	299.15	58
25797194	299.15	58
25797204	299.15	58
25797214	299.15	58
25797224	299.15	58
25797234	299.15	58
25797244	299.15	58
25797254	299.15	58
25797264	299.15	58
25797274	299.15	58
25797284	299.15	58
25797294	299.15	58
25797304	299.15	58
25797314	299.15	58
25797324	299.15	58
25797334	299.15	58
25797344	299.15	58
25797354	299.15	58
25797364	299.15	58
25797374	299.15	58
25797384	299.15	58
25797394	299.15	58
25797404	299.15	58
25797414	299.15	58
25797424	299.15	58
25797434	299.15	58
25797444	299.15	58
25797454	299.15	58
25797464	299.15	58
25797474	299.15	58
25797484	299.15	58
25797494	299.15	58
25797504	299.15	58
25797514	299.15	58
25797524	299.15	58
25797534	299.15	58
25797544	299.15	58
25797554	299.15	58
25797564	299.15	58
25797574	299.15	58
25797584	299.15	58
25797594	299.15	58
25797604	299.15	58
25797614	299.15	58
25797624	299.15	58
25797634	299.15	58
25797644	299.15	58
25797654	299.15	58
25797664	299.15	58
25797674	299.15	58
25797684	299.15	58
25797694	299.15	58
25797704	299.15	58
25797714	299.15	58
25797724	299.15	58
25797734	299.15	58
25797744	299.15	58
25797754	299.15	58
25797764	299.15	58
25797774	299.15	58
25797784	299.15	58
25797794	299.15	58
25797804	299.15	58
25797814	299.15	58
25797824	299.15	58
25797834	299.15	58
25797844	299.15	58
25797854	299.15	58
25797864	299.15	58
25797874	299.15	58
25797884	299.15	58
25797894	299.15	58
25797904	299.15	58
25797914	299.15	58
25797924	299.15	58
25797934	299.15	58
25797944	299.15	58
25797954	299.15	58
25797964	299.15	58
25797974	299.15	58
25797984	299.15	58
25797994	299.15	58
25798004	299.15	58
25798014	299.15	58
25798024	299.15	58
25798034	299.15	58
25798044	299.15	58
25798054	299.15	58
25798064	299.15	58
25798074	299.15	58
25798084	299.15	58
25798094	299.15	58
25798104	299.15	58
25798114	299.15	58
25798124	299.15	58
25798134	299.15	58
25798144	299.15	58
25798154	299.15	58
25798164	299.15	58
25798174	299.15	58
25798184	299.15	58
25798194	299.15	58
25798204	299.15	58
25798214	299.15	58
25798224	299.15	58
25798234	299.15	58
25798244	299.15	58
25798254	299.15	58
25798264	299.15	58
25798274	299.15	58
25798284	299.15	58
25798294	299.15	58
25798304	299.15	58
25798314	299.15	58
25798324	299.15	58
25798334	299.15	58
25798344	299.15	58
25798354	299.15	58
25798364	299.15	58
25798374	299.15	58
25798384	299.15	58
25798394	299.15	58
25798404	299.15	58
25798414	299.15	58
25798424	299.15	58
25798434	299.15	58
25798444	299.15	59
25798454	299.15	58
25798464	299.15	58
25798474	299.15	58
25798484	299.15	58
25798494	299.15	58
25798504	299.15	58
25798514	299.15	58
25798524	299.15	58
25798534	299.15	58
25798544	299.15	58
25798554	299.15	58
25798564	299.15	58
25798574	299.15	58
25798584	299.15	58
25798594	299.15	58
25798604	299.15	58
25798614	299.15	58
25798624	299.15	58
25798634	299.15	58
25798644	299.15	58
25798654	299.15	59
25798664	299.15	59
25798674	299.15	59
25798684	299.15	58
25798694	299.15	58
25798704	299.15	58
25798714	299.15	58
25798724	299.15	58
25798734	299.15	58
25798744	299.15	58
25798754	299.15	58
25798764	299.15	58
25798774	299.15	58
25798784	299.15	58
25798794	299.15	59
25798804	299.15	59
25798814	299.15	59
25798824	299.15	59
25798834	299.15	59
25798844	299.15	59
25798854	299.15	59
25798864	299.15	59
25798874	299.15	59
25798884	299.15	59
25798894	299.15	59
25798904	299.15	59
25798914	299.15	59
25798924	299.15	59
25798934	299.15	59
25798944	299.15	59
25798954	299.15	59
25798964	299.15	59
25798974	299.15	59
25798984	299.15	59
25798994	299.15	59
25799004	299.15	59
25799014	299.15	59
25799024	299.15	59
25799034	299.15	59
25799044	299.15	59
25799054	299.15	59
25799064	299.15	59
25799074	299.15	59
25799084	299.15	59
25799094	299.15	59
25799104	299.15	59
25799114	299.15	59
25799124	299.15	59
25799134	299.15	59
25799144	299.15	59
25799154	299.15	59
25799164	299.15	59
25799174	299.15	58
25799184	299.15	59
25799194	299.15	59
25799204	299.15	59
25799214	299.15	59
25799224	299.15	59
25799234	299.15	59
25799244	299.15	59
25799254	299.15	58
25799264	299.15	59
25799274	299.15	59
25799284	299.15	58
25799294	299.15	59
25799304	299.15	59
25799314	299.15	59
25799324	299.15	59
25799334	299.15	59
25799344	299.15	59
25799354	299.15	59
25799364	299.15	59
25799374	299.15	59
25799384	299.15	59
25799394	299.15	59
25799404	299.15	59
25799414	299.15	59
25799424	299.15	59
25799434	299.15	59
25799444	299.15	59
25799454	299.15	59
25799464	299.15	59
25799474	299.15	59
25799484	299.15	59
25799494	299.15	59
25799504	299.15	59
25799514	299.15	59
25799524	299.15	59
25799534	299.15	59
25799544	299.15	59
25799554	299.15	59
25799564	299.15	59
25799574	299.15	59
25799584	299.15	59
25799594	299.15	59
25799604	299.15	59
25799614	299.15	59
25799624	299.15	59
25799634	299.15	59
25799644	299.15	59
25799654	299.15	59
25799664	299.15	59
25799674	299.15	59
25799684	299.15	59
25799694	299.15	59
25799704	299.15	59
25799714	299.15	59
25799724	299.15	59
25799734	299.15	59
25799744	299.15	59
25799754	299.15	59
25799764	299.15	59
25799774	299.15	59
25799784	299.15	59
25799794	299.15	59
25799804	299.15	59
25799814	299.15	59
25799824	299.15	59
25799834	299.15	59
25799844	299.15	59
25799854	299.15	59
25799864	299.15	58
25799874	299.15	58
25799884	299.15	58
25799894	299.15	58
25799904	299.15	58
25799914	299.15	58
25799924	299.15	58
25799934	299.15	58
25799944	299.15	58
25799954	299.15	58
25799964	299.15	58
25799974	299.15	58
25799984	299.15	58
25799994	299.15	58
25800004	299.15	58
25800014	299.15	58
25800024	299.15	58
25800034	299.15	58
25800044	299.15	58
25800054	299.15	58
25800064	299.15	58
25800074	299.15	58
25800084	299.15	58
25800094	299.15	58
25800104	299.15	58
25800114	299.15	58
25800124	299.15	58
25800134	299.15	58
25800144	299.15	58
25800154	299.15	58
25800164	299.15	58
25800174	299.15	58
25800184	299.15	58
25800194	299.15	58
25800204	299.15	58
25800214	299.15	58
25800224	299.15	58
25800234	299.15	58
25800244	299.15	58
25800254	299.15	58
25800264	299.15	58
25800274	299.15	58
25800284	299.15	58
25800294	299.15	58
25800304	299.15	58
25800314	299.15	58
25800324	299.15	58
25800334	299.15	58
25800344	299.15	58
25800354	299.15	58
25800364	299.15	58
25800374	299.15	58
25800384	299.15	58
25800394	299.15	58
25800404	299.15	58
25800414	299.15	58
25800424	299.15	58
25800434	299.15	58
25800444	299.15	58
25800454	299.15	58
25800464	299.15	58
25800474	299.15	58
25800484	299.15	58
25800494	299.15	58
25800504	299.15	58
25800514	299.15	58
25800524	299.15	58
25800534	299.15	58
25800544	299.15	58
25800554	299.15	58
25800564	299.15	58
25800574	299.15	58
25800584	299.15	58
25800594	299.15	58
25800604	299.15	58
25800614	299.15	58
25800624	299.15	58
25800634	299.15	58
25800644	299.15	58
25800654	299.15	58
25800664	299.15	58
25800674	299.15	58
25800684	299.15	58
25800694	299.15	58
25800704	299.15	58
25800714	299.15	58
25800724	299.15	58
25800734	299.15	58
25800744	299.15	58
25800754	299.15	58
25800764	299.15	58
25800774	299.15	58
25800784	299.15	58
25800794	299.15	58
25800804	299.15	58
25800814	299.15	58
25800824	299.15	58
25800834	299.15	58
25800844	299.15	58
25800854	299.15	58
25800864	299.15	58
25800874	299.15	58
25800884	299.15	58
25800894	299.15	58
25800904	299.15	58
25800914	299.15	58
25800924	299.15	58
25800934	299.15	58
25800944	299.15	58
25800954	299.15	58
25800964	299.15	58
25800974	299.15	58
25800984	299.15	58
25800994	299.15	58
25801004	299.15	58
25801014	299.15	58
25801024	299.15	58
25801034	299.15	58
25801044	299.15	58
25801054	299.15	58
25801064	299.15	58
25801074	299.15	58
25801084	299.15	58
25801094	299.15	58
25801104	299.15	58
25801114	299.15	58
25801124	299.15	58
25801134	299.15	58
25801144	299.15	58
25801154	299.15	58
25801164	299.15	58
25801174	299.15	58
25801184	299.15	58
25801194	299.15	58
25801204	299.15	58
25801214	299.15	58
25801224	299.15	58
25801234	299.15	58
25801244	299.15	58
25801254	299.15	58
25801264	299.15	58
25801274	299.15	58
25801284	299.15	58
25801294	299.15	58
25801304	299.15	58
25801314	299.15	58
25801324	299.15	58
25801334	299.15	58
25801344	299.15	58
25801354	299.15	58
25801364	299.15	58
25801374	299.15	58
25801384	299.15	58
25801394	299.15	58
25801404	299.15	58
25801414	299.15	58
25801424	299.15	58
25801434	299.15	58
25801444	299.15	58
25801454	299.15	58
25801464	299.15	58
25801474	299.15	58
25801484	299.15	58
25801494	299.15	58
25801504	299.15	58
25801514	299.15	58
25801524	300.15	58
25801534	299.15	58
25801544	299.15	58
25801554	299.15	58
25801564	299.15	58
25801574	299.15	58
25801584	300.15	58
25801594	300.15	58
25801604	300.15	58
25801614	299.15	58
25801624	299.15	58
25801634	300.15	58
25801644	299.15	58
25801654	300.15	58
25801664	300.15	58
25801674	300.15	58
25801684	300.15	58
25801694	300.15	58
25801704	300.15	58
25801714	299.15	58
25801724	300.15	58
25801734	300.15	58
25801744	299.15	58
25801754	300.15	58
25801764	300.15	58
25801774	300.15	58
25801784	300.15	58
25801794	300.15	58
25801804	300.15	58
25801814	299.15	58
25801824	299.15	58
25801834	300.15	58
25801844	300.15	58
25801854	300.15	58
25801864	300.15	58
25801874	299.15	58
25801884	299.15	58
25801894	299.15	58
25801904	299.15	58
25801914	299.15	58
25801924	299.15	58
25801934	299.15	58
25801944	300.15	58
25801954	299.15	58
25801964	299.15	58
25801974	299.15	58
25801984	299.15	58
25801994	299.15	58
25802004	299.15	58
25802014	299.15	58
25802024	299.15	58
25802034	299.15	58
25802044	299.15	58
25802054	299.15	58
25802064	299.15	58
25802074	299.15	58
25802084	299.15	58
25802094	299.15	58
25802104	299.15	58
25802114	299.15	58
25802124	299.15	58
25802134	299.15	58
25802144	299.15	58
25802154	299.15	58
25802164	299.15	58
25802174	299.15	58
25802184	299.15	58
25802194	299.15	58
25802204	299.15	58
25802214	299.15	58
25802224	299.15	58
25802234	299.15	58
25802244	299.15	58
25802254	299.15	58
25802264	299.15	58
25802274	299.15	58
25802284	299.15	58
25802294	299.15	58
25802304	299.15	58
25802314	299.15	58
25802324	299.15	58
25802334	299.15	58
25802344	299.15	58
25802354	299.15	58
25802364	299.15	58
25802374	299.15	58
25802384	299.15	58
25802394	299.15	58
25802404	299.15	58
25802414	299.15	58
25802424	299.15	59
25802434	299.15	59
25802444	299.15	59
25802454	299.15	59
25802464	299.15	59
25802474	299.15	59
25802484	299.15	58
25802494	299.15	59
25802504	299.15	59
25802514	299.15	59
25802524	299.15	59
25802534	299.15	59
25802544	299.15	58
25802554	299.15	59
25802564	299.15	59
25802574	299.15	59
25802584	299.15	59
25802594	299.15	59
25802604	299.15	59
25802614	299.15	59
25802624	299.15	59
25802634	299.15	59
25802644	299.15	59
25802654	299.15	59
25802664	299.15	59
25802674	299.15	59
25802684	299.15	59
25802694	299.15	59
25802704	299.15	59
25802714	299.15	59
25802724	299.15	59
25802734	299.15	59
25802744	299.15	59
25802754	299.15	59
25802764	299.15	59
25802774	299.15	59
25802784	299.15	59
25802794	299.15	59
25802804	299.15	59
25802814	299.15	59
25802824	299.15	59
25802834	299.15	59
25802844	299.15	59
25802854	299.15	59
25802864	299.15	59
25802874	299.15	59
25802884	299.15	59
25802894	299.15	59
25802904	299.15	59
25802914	299.15	59
25802924	299.15	59
25802934	299.15	59
25802944	299.15	59
25802964	299.15	59
25802964	299.15	59
25802974	299.15	59
25802984	299.15	59
25802994	299.15	59
25803004	299.15	59
25803014	299.15	59
25803024	299.15	59
25803034	299.15	59
25803044	299.15	59
25803054	299.15	59
25803064	299.15	59
25803074	299.15	59
25803084	299.15	59
25803094	299.15	59
25803104	299.15	59
25803114	299.15	59
25803124	299.15	59
25803134	299.15	59
25803144	299.15	59
25803154	299.15	59
25803164	299.15	59
25803174	299.15	59
25803184	299.15	59
25803194	299.15	59
25803204	299.15	59
25803214	299.15	59
25803224	299.15	59
25803234	299.15	59
25803244	299.15	59
25803254	299.15	59
25803264	299.15	59
25803274	299.15	59
25803284	299.15	59
25803294	299.15	59
25803304	299.15	59
25803314	299.15	59
25803324	299.15	59
25803334	299.15	59
25803344	299.15	59
25803354	299.15	59
25803364	299.15	59
25803374	299.15	59
25803384	299.15	59
25803394	299.15	59
25803404	299.15	59
25803414	299.15	59
25803424	299.15	59
25803434	299.15	59
25803444	299.15	59
25803454	299.15	59
25803464	299.15	59
25803474	299.15	59
25803484	299.15	59
25803494	299.15	59
25803504	299.15	59
25803514	299.15	59
25803524	299.15	59
25803534	299.15	59
25803544	299.15	59
25803554	299.15	59
25803564	299.15	59
25803574	299.15	59
25803584	299.15	59
25803594	299.15	59
25803604	299.15	59
25803614	299.15	59
25803624	299.15	59
25803634	299.15	59
25803644	299.15	59
25803654	299.15	59
25803664	299.15	59
25803674	299.15	59
25803684	299.15	59
25803694	299.15	59
25803704	299.15	59
25803714	299.15	59
25803724	299.15	59
25803734	299.15	59
25803744	299.15	59
25803754	299.15	59
25803764	299.15	59
25803774	299.15	59
25803784	299.15	59
25803794	299.15	59
25803804	299.15	59
25803814	299.15	59
25803824	299.15	59
25803834	299.15	59
25803844	299.15	59
25803854	299.15	59
25803864	299.15	59
25803874	299.15	59
25803884	299.15	59
25803894	299.15	59
25803904	299.15	59
25803914	299.15	59
25803924	299.15	59
25803934	299.15	59
25803944	299.15	59
25803954	299.15	59
25803964	299.15	59
25803974	299.15	59
25803984	299.15	59
25803994	299.15	59
25804004	299.15	59
25804014	299.15	59
25804024	299.15	59
25804034	299.15	59
25804044	299.15	59
25804054	299.15	59
25804064	299.15	59
25804074	299.15	59
25804084	299.15	59
25804094	299.15	59
25804104	299.15	59
25804114	299.15	59
25804124	299.15	59
25804134	299.15	59
25804144	299.15	59
25804154	299.15	59
25804164	299.15	59
25804174	299.15	59
25804184	299.15	59
25804194	299.15	59
25804204	299.15	59
25804214	299.15	59
25804224	299.15	59
25804234	299.15	59
25804244	299.15	59
25804254	299.15	59
25804264	299.15	59
25804274	299.15	59
25804284	299.15	59
25804294	299.15	59
25804304	299.15	59
25804314	299.15	59
25804324	299.15	59
25804334	299.15	59
25804344	299.15	59
25804354	299.15	59
25804364	299.15	59
25804374	299.15	59
25804384	299.15	59
25804394	299.15	59
25804404	299.15	59
25804414	299.15	59
25804424	299.15	59
25804434	299.15	59
25804444	299.15	59
25804454	299.15	59
25804464	299.15	59
25804474	299.15	59
25804484	299.15	59
25804494	299.15	59
25804504	299.15	59
25804514	299.15	59
25804524	299.15	59
25804534	299.15	59
25804544	299.15	59
25804554	299.15	59
25804564	299.15	59
25804574	299.15	59
25804584	299.15	59
25804594	299.15	59
25804604	299.15	59
25804614	299.15	59
25804624	299.15	59
25804634	299.15	59
25804644	299.15	59
25804654	299.15	59
25804664	299.15	59
25804674	299.15	59
25804684	299.15	59
25804694	299.15	59
25804704	299.15	59
25804714	299.15	59
25804724	299.15	59
25804734	299.15	59
25804744	299.15	59
25804754	299.15	59
25804764	299.15	59
25804774	299.15	59
25804784	299.15	59
25804794	299.15	59
25804804	299.15	59
25804814	299.15	59
25804824	299.15	59
25804834	299.15	59
25804844	299.15	59
25804854	299.15	59
25804864	299.15	59
25804874	299.15	59
25804884	299.15	59
25804894	299.15	59
25804904	299.15	59
25804914	299.15	59
25804924	299.15	59
25804934	299.15	59
25804944	299.15	59
25804954	299.15	59
25804964	299.15	59
25804974	299.15	59
25804984	299.15	59
25804994	299.15	59
25805004	299.15	59
25805014	299.15	59
25805024	299.15	59
25805034	299.15	59
25805044	299.15	59
25805054	299.15	59
25805064	299.15	59
25805074	299.15	59
25805084	299.15	59
25805094	299.15	59
25805104	299.15	59
25805114	299.15	59
25805124	299.15	59
25805134	299.15	59
25805144	299.15	59
25805154	299.15	59
25805164	299.15	59
25805174	299.15	59
25805184	299.15	59
25805194	299.15	59
25805204	299.15	59
25805214	299.15	59
25805224	299.15	59
25805234	299.15	59
25805244	299.15	59
25805254	299.15	59
25805264	299.15	59
25805274	299.15	59
25805284	299.15	59
25805294	299.15	59
25805304	299.15	59
25805314	299.15	59
25805324	299.15	59
25805334	299.15	59
